%YAML:1.0
image_width: 640
image_height: 480
camera_matrix: !!opencv-matrix
   rows: 3
   cols: 3
   dt: d
   data: [ 5.0624108469853581e+02, 0., 2.7960605895059649e+02, 0.,
       5.0416078134026947e+02, 2.1273851766801016e+02, 0., 0., 1. ]
distortion_coefficients: !!opencv-matrix
   rows: 1
   cols: 5
   dt: d
   data: [ -1.5180525920324855e-01, 1.9148182673607367e-01,
       1.1712609719159143e-02, 2.7868357464504666e-03,
       -1.6131583988605194e-01 ]
