%YAML:1.0
image_width: 640
image_height: 480
camera_matrix: !!opencv-matrix
   rows: 3
   cols: 3
   dt: d
   data: [ 2.5749534298156855e+03, 0., 3.8013316726422607e+02, 0.,
       2.7384383049381900e+03, 2.5525736424391167e+02, 0., 0., 1. ]
distortion_coefficients: !!opencv-matrix
   rows: 1
   cols: 5
   dt: d
   data: [ -7.7679414692883320e-01, 1.2980383791027333e+02,
       -2.6524904512131502e-02, 3.9567984465589089e-02,
       2.3598513171028213e-01 ]
